edgesdata = [1	50
50	100
102	100
100	101
49	101
49	103
101	103
1	100
103	104
103	48
49	48
48	105
47	48
103	105
101	104
104	105
101	99
104	99
105	106
47	106
99	107
106	107
99	98
107	98
97	98
98	91
2	97
2	391
3	391
89	87
391	89
391	88
88	89
87	92
88	92
89	92
89	91
91	92
91	94
92	93
88	93
4	87
87	86
88	86
4	86
93	95
94	95
95	96
89	90
2	89
2	90
96	108
108	109
109	112
109	111
111	112
110	111
110	109
46	110
111	116
116	117
113	116
113	117
112	113
112	114
113	114
114	115
46	117
45	117
45	119
118	119
45	120
120	121
120	119
121	130
119	130
119	134
130	134
130	135
135	136
134	136
44	120
120	122
122	43
122	44
122	42
122	123
122	124
42	124
123	124
123	130
130	131
131	135
131	132
131	125
42	129
41	129
41	128
128	129
127	128
40	127
40	41
126	128
126	127
124	126
123	125
124	125
125	126
123	131
133	131
133	132
133	140
133	138
135	137
136	151
152	151
152	137
137	138
139	140
138	139
140	141
140	142
140	143
144	147
145	147
139	145
138	144
144	145
148	147
144	148
138	149
148	149
149	150
149	159
150	158
158	159
150	151
150	155
151	155
153	151
153	154
154	156
154	155
155	156
145	146
146	147
142	146
141	142
141	236
142	143
146	237
156	157
156	84
157	160
148	159
148	162
147	162
158	160
161	162
161	163
162	163
162	235
233	235
233	234
235	234
235	146
236	237
237	238
238	239
238	240
239	240
232	233
232	234
232	239
232	231
231	230
231	239
239	241
240	252
240	241
240	242
231	241
241	242
229	230
229	231
229	241
229	242
240	253
242	243
242	244
229	244
228	229
227	228
228	246
225	246
246	247
244	245
244	247
245	247
252	253
253	254
254	255
255	260
255	251
245	251
255	256
256	257
256	258
256	259
251	257
254	260
257	258
246	248
247	248
248	250
249	250
248	249
225	248
224	225
225	226
226	224
226	223
223	248
197	226
223	197
223	198
197	198
197	196
195	198
194	195
194	196
14	194
196	198
198	199
218	198
218	199
218	200
199	200
171	224
171	172
170	171
167	170
172	174
169	172
173	174
173	175
173	176
169	173
13	176
167	169
168	169
161	163
163	164
164	165
164	166
166	167
165	167
167	168
84	83
84	82
82	85
82	81
81	80
80	79
79	78
78	77
77	76
76	75
75	74
74	73
78	76
76	74
74	66
73	66
73	70
66	68
66	67
66	69
69	70
70	71
71	72
70	190
190	191
191	192
192	193
193	11
189	190
189	10
9	70
9	71
9	72
65	71
65	72
53	64
53	52
52	51
6	53
6	54
53	54
54	55
55	56
56	57
57	58
58	59
59	60
60	61
80	61
61	62
62	63
55	62
5	57
5	56
7	51
8	51
8	72
58	60
75	77
77	181
181	180
180	179
179	178
178	177
177	12
179	181
84	188
182	183
183	184
184	185
186	184
187	185
187	183
188	187
210	211
211	212
212	213
213	214
214	215
215	216
216	217
217	18
213	210
19	212
212	208
200	201
201	202
202	203
203	204
204	205
205	206
206	207
207	208
208	209
201	15
201	16
201	203
17	204
20	207
20	208
20	209
205	207
206	208
210	212
222	205
222	206
202	204
218	219
219	220
220	221
221	222
202	219
202	221
202	218
207	279
278	279
279	280
280	281
281	282
282	283
283	284
284	285
285	286
286	287
287	288
288	289
289	290
290	291
291	292
292	293
293	294
294	295
295	296
296	297
297	298
276	280
279	281
281	283
283	286
282	287
285	21
287	289
266	267
267	268
268	269
269	270
270	271
271	272
272	273
273	274
274	275
275	276
276	277
258	266
258	267
222	272
222	271
272	277
272	276
271	275
271	273
273	275
272	275
269	273
270	273
276	280
292	280
291	280
293	297
293	291
291	297
294	292
294	297
275	292
275	294
280	282
211	208
274	269
274	303
269	267
269	304
267	304
304	274
299	300
300	301
301	302
302	303
303	304
297	299
296	300
296	299
301	294
301	295
301	296
274	294
299	370
367	368
368	369
369	370
370	371
371	22
369	23
23	368
363	364
364	365
365	366
363	365
364	368
298	290
258	259
260	261
261	259
259	263
261	262
262	263
261	263
262	265
253	255
295	297
253	251
243	251
325	326
326	327
327	328
328	330
330	331
331	333
332	333
333	334
332	334
328	334
330	334
329	330
39	325
329	326
39	326
325	324
324	327
38	330
334	38
326	328
327	331
327	323
323	320
322	320
320	321
320	318
321	318
265	318
265	315
315	318
308	309
309	310
310	311
311	312
312	313
313	314
314	315
263	314
263	305
305	306
306	307
307	309
306	312
312	309
311	308
310	308
310	355
355	356
308	356
302	356
308	355
314	305
305	316
314	316
305	313
311	372
316	317
317	318
318	319
319	317
312	310
319	335
335	336
336	337
337	338
338	339
339	340
340	343
343	344
344	345
345	30
343	346
346	347
346	348
337	37
37	36
337	36
36	341
338	341
341	342
342	347
348	349
349	350
350	351
351	352
352	27
28	29
28	353
29	353
353	354
355	357
357	358
356	358
358	359
359	360
360	361
361	362
362	386
386	387
387	388
388	389
389	390
390	25
390	26
367	24
367	384
384	385
24	385
385	388
361	384
354	361
354	362
349	383
383	31
373	374
374	375
35	375
35	373
373	381
380	381
381	347
380	347
373	375
34	374
347	382
380	382
379	380
379	382
380	378
379	33
378	33
378	379
376	377
377	378
34	376
32	382
264	106
264	107
264	109
392	64
392	66
394	257
393	394
247	393
393	248
393	246
];
