vden1 = [5.14886E-07
5.05425E-07
7.22136E-07];

vden2 = [4.8952E-07
5.79362E-07
6.09126E-07
5.89954E-07
4.90874E-07]
% 1.02623E-06

vden3 = [8.11357E-07
9.2776E-07
7.27669E-07
5.95385E-07
9.22151E-07
8.27354E-07
9.22545E-07
8.09991E-07
8.55809E-07
5.69219E-07
]

nodevolumes = [2.65E-03
0.004163653
0.001986928
0.003654924
0.002512214
0.002744506
0.008109897
0.007360363
0.007066288
0.003061767
0.006212797
0.00404835
]