nodecoords = [17.500	57.750
14.750	137.250
12.000	166.750
33.250	218.250
29.000	257.500
37.500	340.500
21.000	416.000
60.000	422.500
98.500	409.000
167.000	438.500
231.000	435.000
209.500	386.500
253.500	384.500
305.500	391.500
356.000	483.000
379.000	495.500
428.500	489.000
459.500	645.500
411.000	528.000
518.000	529.500
618.500	530.500
683.000	489.000
706.500	432.500
769.000	374.000
831.500	359.000
821.000	323.000
790.000	275.000
739.500	247.500
757.000	257.000
705.500	238.500
822.000	165.000
832.500	134.000
822.500	101.500
768.500	18.000
726.500	19.500
680.500	94.000
659.000	92.000
561.000	16.500
483.500	21.500
370.000	69.000
363.000	19.000
302.500	19.000
249.000	16.500
235.500	19.500
205.500	49.000
163.500	52.000
124.000	36.000
99.500	18.000
56.500	16.500
16.000	31.500
38.500	397.500
40.000	374.500
64.000	351.000
49.000	328.000
55.000	310.500
29.000	287.000
52.000	252.000
65.000	264.500
83.500	250.500
83.500	265.500
98.000	280.500
84.000	319.000
79.000	328.000
81.500	347.500
80.500	365.500
132.500	347.500
126.167	326.500
120.833	359.167
128.833	364.500
144.167	394.500
108.833	387.833
74.833	394.500
154.167	362.500
166.833	343.167
184.833	329.833
182.167	303.833
208.167	298.500
184.833	281.833
178.167	263.167
140.167	261.167
150.167	235.167
168.167	220.500
178.833	229.833
192.833	212.500
142.833	201.833
59.500	209.167
34.833	187.833
53.500	179.833
33.500	155.833
29.500	141.167
62.167	139.833
62.833	159.833
90.833	171.833
95.500	147.833
115.500	157.167
141.500	141.167
22.833	107.500
46.833	105.500
78.167	76.167
44.167	45.500
59.500	54.833
35.500	16.167
76.167	30.167
78.833	51.500
101.500	48.833
112.833	71.500
88.833	101.500
133.500	120.833
138.167	107.500
147.500	73.500
152.833	89.500
161.500	103.500
188.167	100.167
178.167	116.833
174.167	139.500
187.500	70.167
198.167	67.500
214.167	76.833
227.500	71.500
232.167	42.833
238.833	64.167
262.833	31.500
281.500	65.500
298.167	46.833
312.167	76.833
333.500	62.167
355.500	55.500
346.167	40.833
332.167	28.833
256.833	82.167
283.500	83.500
283.500	98.167
305.500	97.500
226.833	101.500
254.833	106.167
237.500	121.500
267.500	134.167
292.167	136.167
318.167	123.500
337.500	119.500
360.167	135.500
355.500	152.833
340.833	155.500
314.167	151.500
323.500	148.167
352.833	181.500
324.833	168.167
302.167	167.500
281.500	174.833
257.500	178.833
226.167	152.167
246.833	153.500
206.167	156.833
200.833	172.833
224.167	170.833
204.167	191.500
242.833	202.167
271.500	192.500
284.833	192.500
277.500	208.500
292.833	220.500
306.167	201.167
298.833	238.500
296.833	259.833
300.167	283.833
316.833	268.500
311.500	300.500
286.833	295.833
284.167	321.833
349.500	302.500
340.167	334.500
314.833	346.500
284.167	353.833
294.833	353.833
286.167	369.833
270.833	371.167
211.500	368.500
206.167	357.833
214.833	345.833
238.833	343.167
224.833	321.167
246.833	287.833
238.167	275.833
242.167	255.833
227.500	249.833
254.833	239.833
206.833	251.833
202.833	237.167
156.833	425.833
168.833	411.167
181.500	411.833
196.833	427.833
213.500	431.167
326.167	393.167
350.833	381.833
351.500	397.833
373.500	369.167
380.167	393.833
382.167	409.833
386.167	439.833
376.167	480.500
429.500	444.500
408.833	467.833
443.500	471.833
466.833	465.833
488.833	462.500
496.833	490.500
480.833	519.500
502.167	530.167
443.500	550.833
457.500	542.167
438.833	526.167
422.167	551.500
424.833	582.833
422.833	604.167
423.500	624.167
430.167	644.167
416.833	416.167
432.167	396.833
460.833	392.833
460.167	411.500
468.833	434.167
402.833	364.833
358.167	330.833
383.500	318.167
384.167	340.833
384.167	304.167
396.167	297.500
392.167	268.167
364.167	250.833
372.833	241.500
352.167	232.167
325.500	209.167
348.833	198.167
328.833	190.833
372.833	162.167
371.500	178.833
383.500	191.500
378.833	208.167
418.167	209.500
398.833	238.167
406.167	244.167
427.500	239.500
417.500	273.500
438.500	276.500
419.500	309.500
440.167	299.500
440.833	324.167
453.500	348.167
481.500	328.833
454.833	261.500
460.167	212.167
458.167	233.500
474.833	224.167
479.500	246.167
496.833	266.833
481.500	286.167
528.167	297.500
523.500	262.167
504.833	223.500
522.833	215.500
538.167	206.167
546.833	234.833
112.833	92.167
563.500	189.500
553.500	305.833
534.167	325.167
511.500	328.500
509.500	353.167
496.167	374.500
497.500	405.167
509.500	422.500
516.167	389.167
540.167	374.500
542.167	398.500
534.167	422.500
527.500	439.167
526.833	454.500
519.500	478.500
550.833	464.500
546.833	494.500
564.167	488.500
564.167	503.833
562.833	531.167
581.500	533.167
580.833	516.500
603.500	502.500
622.167	513.167
616.167	480.500
604.167	456.500
576.167	441.833
553.500	423.167
570.167	421.833
566.833	405.167
602.167	401.167
620.167	405.167
606.833	418.500
606.833	433.167
632.167	418.500
636.833	394.500
602.167	378.500
594.167	354.500
562.833	350.500
536.167	343.167
574.833	252.500
578.833	279.167
592.167	291.167
624.833	296.500
612.833	284.500
619.500	276.500
622.833	263.833
602.833	261.833
615.500	246.500
576.167	228.167
575.500	206.167
610.167	227.500
610.833	210.833
588.167	184.833
616.833	176.167
562.167	154.167
582.167	144.167
529.500	143.500
562.167	108.833
527.500	82.833
511.500	60.833
524.833	52.833
544.167	67.500
552.833	55.500
535.500	30.833
564.167	38.167
564.833	76.167
578.833	83.500
590.833	71.500
586.833	42.833
634.833	144.167
640.167	117.500
655.500	109.500
661.500	132.833
656.833	158.167
674.167	164.167
692.833	122.167
719.500	122.833
703.500	166.167
692.167	198.167
704.833	217.500
730.167	168.833
754.167	126.833
758.167	191.500
785.500	176.167
803.500	205.500
818.167	238.167
816.167	260.833
747.500	273.500
748.833	294.833
645.500	300.167
636.833	330.833
663.500	313.500
679.500	325.500
696.833	314.833
718.167	318.833
737.500	322.167
768.167	321.500
681.500	361.500
681.500	382.833
704.833	370.833
713.500	362.167
740.167	376.167
705.500	403.500
689.500	434.167
652.833	446.833
676.833	466.833
645.500	244.833
726.833	48.833
760.167	28.833
760.167	41.500
792.833	36.167
818.833	53.500
827.500	81.500
806.833	106.833
781.500	101.500
742.833	92.833
801.500	135.500
808.167	168.833
752.833	359.833
768.833	359.833
779.000	333.500
778.500	344.000
783.500	351.500
803.000	350.000
818.000	337.000
12.500	158.500
99.500	353.500
452.750	298.000
462.500	292.750
];
